# Run:  mar03_100_a.    Mon Mar 24 20:01:49 2003                                  
# Cu foil, 4 micron, T=30 K slot 2, Cu foil reference                             
# 0.5x3.0 mm slits; monhgap=4mm; region Cuk15                                     
# 96.5 mA                                                                         
# N2 I0 I1 I2; gains 1^-7, 2^-9, 2^-10                                            
# 10-1 unfocused  1.234 -6 Si(220) 1.920156    50000                              
#                                                                                 
# sug ver 1.246 Tot glitches =    0, dead-time with Nb250kmar0                    
# Marked channels:  5  7 14 15 16 17 22 24 25 26 27 28 29 30 31 32.               
# * FLUORESCSENCE; P= -1.00 REMOVED FROM  8800. TO  8900. EV, ORDER=  1           
# CBY:E0= 8983.0;6 ORD FROM  9025.8-  9863.(K=15.2);P=1.0;WT=2;Efix= 9012.3       
# ----------------------------------------------------                            
# Self-absorption corrected with SAB_COR 1.0, corr at 5 inv ang=  1.927           
# ----------------------------------------------------
  0.33319399     -0.14561599    
  0.45034096     -0.19136722    
  0.54300290     -0.22451574    
  0.62180454     -0.24960621    
  0.69187135     -0.26871344    
  0.75546747     -0.28005221    
  0.81395328     -0.28581098    
  0.86865705     -0.28569368    
  0.92011422     -0.28195974    
  0.96884227     -0.27019158    
   1.0152342     -0.25441682    
   1.0592339     -0.23139720    
   1.1011281     -0.20501159    
   1.1421595     -0.17893399    
   1.1817671     -0.14716965    
   1.2200896     -0.11317782    
   1.2572446     -7.81863481E-02
   1.2933325     -3.96741517E-02
   1.3284404     -5.51603083E-03
   1.3626441      2.67299619E-02
   1.4046156      5.79666905E-02
   1.4626498      9.24708843E-02
   1.5200708      0.10200338    
   1.5772706      8.65404978E-02
   1.6338021      5.57392649E-02
   1.6898836      1.86220333E-02
   1.7458527     -2.68018432E-02
   1.8012215     -5.40774725E-02
   1.8563200     -8.12871531E-02
   1.9113058     -8.45622197E-02
   1.9659274     -4.90763709E-02
   2.0202777      1.51654705E-02
   2.0746257      9.47619751E-02
   2.1285496      0.15842660    
   2.1823158      0.17967501    
   2.2361653      0.14799340    
   2.2895885      8.53374526E-02
   2.3427777      2.46506184E-02
   2.3958035     -3.59093621E-02
   2.4488845     -8.81406218E-02
   2.5018644     -0.14164130    
   2.5546992     -0.19011854    
   2.6072006     -0.22401522    
   2.6598709     -0.23205899    
   2.7126052     -0.22733217    
   2.7650294     -0.21780340    
   2.8172061     -0.18516855    
   2.8695509     -0.15095280    
   2.9216599     -9.22341645E-02
   2.9738042     -3.12270150E-02
   3.0258975      2.29369346E-02
   3.0779421      7.67361149E-02
   3.1296945      0.14374618    
   3.1816528      0.20139711    
   3.2335293      0.25049767    
   3.2851722      0.27769822    
   3.3368995      0.23868018    
   3.3886316      0.16177577    
   3.4402938      7.11098984E-02
   3.4917054     -1.14804823E-02
   3.5432396     -9.04698670E-02
   3.5947483     -0.14666216    
   3.6463377     -0.18551347    
   3.6977971     -0.19650619    
   3.7491653     -0.17848918    
   3.8004129     -0.14041995    
   3.8516443     -0.10835014    
   3.9029586     -9.82743055E-02
   3.9542878     -0.10409098    
   4.0055995     -0.11154351    
   4.0567045     -0.10805241    
   4.1079226     -8.42415467E-02
   4.1590343     -3.37156765E-02
   4.2101641     -2.99998582E-03
   4.2612829     -2.60475557E-02
   4.3122416     -1.21439584E-02
   4.3632808      1.77242197E-02
   4.4143395      7.96502009E-02
   4.4653888      0.13850161    
   4.5162868      0.17445828    
   4.5672913      0.20961219    
   4.6182871      0.24485220    
   4.6692758      0.30030626    
   4.7201476      0.38272575    
   4.7711225      0.42803794    
   4.8220100      0.44774646    
   4.8728137      0.41183066    
   4.9236660      0.31509176    
   4.9745135      0.20790304    
   5.0252295      0.10063006    
   5.0760446     -7.36005511E-03
   5.1269064     -9.65230986E-02
   5.1777387     -0.13561900    
   5.2284698     -0.16177107    
   5.2792468     -0.20837203    
   5.3298774     -0.30666721    
   5.3806744     -0.41199702    
   5.4314919     -0.48779479    
   5.4821196     -0.51481229    
   5.5327935     -0.48016363    
   5.5835586     -0.39109883    
   5.6342530     -0.27303785    
   5.6849236     -0.15523252    
   5.7355714     -4.58746105E-02
   5.7861528      3.40024345E-02
   5.8367786      7.46782422E-02
   5.8874264      3.91680822E-02
   5.9379878     -1.55049050E-02
   5.9886360     -4.30884911E-03
   6.0392628      0.10542920    
   6.0898476      0.30761868    
   6.1404123      0.58499157    
   6.1909990      0.74519420    
   6.2416072      0.79590863    
   6.2921543      0.77475744    
   6.3427839      0.71142083    
   6.3933134      0.63057584    
   6.4437847      0.50755095    
   6.4943376      0.31624067    
   6.5448718      3.87488119E-02
   6.5953884     -0.23398696    
   6.6459455     -0.50902826    
   6.6965418     -0.76049173    
   6.7469869     -0.93029201    
   6.7974730     -0.96128410    
   6.8480163     -0.82452655    
   6.8984694     -0.61664653    
   6.9489799     -0.34515566    
   6.9994183     -8.57163072E-02
   7.0499511      0.15132585    
   7.1004496      0.28956854    
   7.1508951      0.28390053    
   7.2012911      0.19329360    
   7.2517781      0.10465668    
   7.3022323      4.57447059E-02
   7.3527064      2.04416346E-02
   7.4031653     -2.66803224E-02
   7.4536095     -0.11737319    
   7.5040565     -0.13620247    
   7.5544376     -1.96212530E-02
   7.6047716      0.22431877    
   7.6552105      0.51584607    
   7.7056179      0.69019842    
   7.7560453      0.73079395    
   7.8064756      0.72372353    
   7.8568916      0.64561141    
   7.9073114      0.45685670    
   7.9577332      0.20509575    
   8.0081577     -8.22428465E-02
   8.0585213     -0.32339633    
   8.1088572     -0.48913592    
   8.1592751     -0.55509746    
   8.2096643     -0.56476724    
   8.2599936     -0.50227869    
   8.3104353     -0.41255793    
   8.3608332     -0.33860418    
   8.4111586     -0.31791839    
   8.4615173     -0.29352582    
   8.5119238     -0.26150542    
   8.5622740     -0.20492448    
   8.6126127     -0.10578849    
   8.6629553      1.97261721E-02
   8.7133150      0.11160487    
   8.7636919      0.19549610    
   8.8140440      0.22637813    
   8.8643560      0.24254327    
   8.9147148      0.28265050    
   8.9650040      0.34735820    
   9.0153551      0.42452306    
   9.0657511      0.50022554    
   9.1160793      0.49967730    
   9.1663837      0.39887968    
   9.2166634      0.24306971    
   9.2670031      8.17943886E-02
   9.3173180     -6.72841668E-02
   9.3676910     -0.17934141    
   9.4179993     -0.21826394    
   9.4683237     -0.17095377    
   9.5186377     -9.96256918E-02
   9.5689154     -7.43901804E-02
   9.6192636     -0.15873535    
   9.6695480     -0.31769222    
   9.7198505     -0.42302325    
   9.7701817     -0.42315125    
   9.8204899     -0.33057117    
   9.8707371     -0.24819176    
   9.9210138     -0.19626389    
   9.9713202     -0.11179240    
   10.021642     -3.27120163E-02
   10.071954      2.26137023E-02
   10.122206      7.60302246E-02
   10.172501      0.13588712    
   10.222811      0.19093928    
   10.273110      0.23964237    
   10.323353      0.29017237    
   10.373635      0.31376973    
   10.423946      0.32299191    
   10.474248      0.33013755    
   10.524504      0.30187395    
   10.574776      0.20103577    
   10.625051      4.91200946E-02
   10.675282     -9.43972692E-02
   10.725552     -0.17648676    
   10.775849     -0.19050638    
   10.826138     -0.13912809    
   10.876395     -6.34011552E-02
   10.926665      1.40945632E-02
   10.976954      4.50391658E-02
   11.027197      1.53177390E-02
   11.077478     -6.77509457E-02
   11.127751     -0.16943641    
   11.177995     -0.23486421    
   11.228241     -0.21695186    
   11.278479     -0.18710023    
   11.328799     -0.20566320    
   11.379044     -0.22123811    
   11.429258     -0.19884877    
   11.479510     -0.14068651    
   11.529765     -3.70957255E-02
   11.579990      5.75379506E-02
   11.630263      0.14888982    
   11.680539      0.27028742    
   11.730775      0.38730627    
   11.781024      0.46165127    
   11.831256      0.44878238    
   11.881523      0.35779479    
   11.931793      0.17738609    
   11.982013     -2.81518069E-03
   12.032204     -0.11328458    
   12.082431     -0.14732496    
   12.132682     -0.14816976    
   12.182904     -0.13327548    
   12.233173     -0.10521437    
   12.283456     -6.33113161E-02
   12.333687     -3.10538057E-02
   12.383893     -1.82234887E-02
   12.434122     -3.83279808E-02
   12.484324     -4.22691554E-02
   12.534569     -6.82005286E-02
   12.584838     -0.10880798    
   12.635049     -0.13777876    
   12.685254     -0.14078841    
   12.735493     -0.11666501    
   12.785764     -6.46735951E-02
   12.835989     -1.65630188E-02
   12.886196      1.17572797E-02
   12.936418      4.44084555E-02
   12.986631      7.80395195E-02
   13.036868      0.15023223    
   13.087090      0.18980879    
   13.137323      0.17391141    
   13.187531      0.13607121    
   13.237721      0.11053850    
   13.287936      9.53846276E-02
   13.338143      7.05466419E-02
   13.388374      1.50377778E-02
   13.438587     -3.90318334E-02
   13.488833     -5.33434637E-02
   13.539044     -4.95559387E-02
   13.589249     -4.59087528E-02
   13.639475     -4.98476177E-02
   13.689667     -6.90922886E-02
   13.739862     -6.68808222E-02
   13.790080     -7.42150024E-02
   13.840290     -6.76645264E-02
   13.890532     -7.82755911E-02
   13.940740     -0.10057522    
   13.990950     -0.11426654    
   14.041155     -0.12527397    
   14.091327     -0.11822735    
   14.141564     -8.64068940E-02
   14.191742     -3.56797017E-02
   14.241959      4.32930999E-02
   14.292170      8.81082714E-02
   14.342383      0.10923037    
   14.392574      0.11438873    
   14.442821      8.26922283E-02
   14.492981      3.84148955E-02
   14.543154      9.68657527E-03
   14.593356      2.11211983E-02
   14.643570      5.53992838E-02
   14.693814      6.60762936E-02
   14.743999      8.92399102E-02
   14.794169      8.16502050E-02
   14.844404      3.62754129E-02
   14.894589      1.37857320E-02
   14.944812     -2.57002022E-02
   14.995021     -5.64493313E-02
   15.045206     -5.17770946E-02
   15.095370     -3.73037644E-02
   15.145544     -3.93958911E-02
